watershed	region	n.stock	water_clarity	SR_pairs	lake_area_Hec	lat.outlet	long.outlet	PR_mean	PR_total	SmaxPR
alastair	coast.fjord	1	clear	51	686	54.144171	-129.192889	209	262.4	49064
atnarko	interior	2	clear	36	724	52.091207	-125.716587	66.21	87.7	16404
azuklotz	interior	3	clear	19	218	56.091553	-126.745646	278.26	111	20758
babine	interior	4	clear	46	46100	55.414379	-126.683558	140	11811	2208623
banks	low.coastal	5	stained	27	364	53.384017	-130.177286	50.64	34	6307
bear	interior	6	clear	13	1975	56.199816	-126.866777	158.4	572.5	107057
bloomfield	low.coastal	7	stained	37	147	52.850711	-128.676227	12.8	3.5	644
bonilla	low.coastal	8	stained	37	220	53.512298	-130.291872	115.64	47	8706
canoona	low.coastal	9	stained	31	345	53.072924	-128.589191	72.56	46	8566
curtis_inlet	low.coastal	10	stained	34	300	53.500577	-129.857771	103	57	10574
devon	low.coastal	11	stained	45	174	53.454016	-129.768575	103	32.8	6133
evelyn	low.coastal	12	stained	39	59	53.6	-128.938802	63.58	6.9	1284
fred_wright	interior	13	clear	19	397	NA	NA	152.5	108	20196
hartley_bay	low.coastal	14	stained	29	93	53.427376	-129.271756	51.39	8.75	1635
johanson	interior	15	clear	7	140	56.603269	-126.210394	66.35	17	3179
johnston	coast.fjord	16	clear	11	186	53.863271	-129.481574	211.7	72	13474
keecha	low.coastal	17	stained	19	332	53.302105	-129.84241	56.85	34.5	6459
kitkiata	coast.fjord	18	stained	27	270	53.694896	-129.29352	289	142.8	26702
kitlope	coast.fjord	19	glacial	47	1170	53.161338	-127.770462	54	115.6	21620
kitsumkalum	coast.fjord	20	glacial	49	1969	54.721014	-128.778615	33	118.9	22235
kitwancool	interior	21	clear	12	777	55.330576	-128.102837	247.5	351.9	65810
koeye	low.coastal	22	stained	26	450	51.782981	-127.749474	90.3	74.4	13905
kooryet	low.coastal	23	stained	24	509	53.343264	-129.904745	55.35	51.5	9641
lakelse	coast.fjord	24	clear	44	1460	54.386177	-128.625332	91	243.14	45466
long	coast.fjord	25	stained	56	2100	51.230918	-127.334623	70	269	50305
lowe	coast.fjord	26	stained	35	2130	53.559624	-129.559622	89.93	350.5	65550
mcdonell	interior	27	clear	36	223	54.781347	-127.635682	59.84	24.5	4566
meziadin	interior	28	clear	31	3321	56.040817	-129.209905	144.67	936	175032
mikado	low.coastal	29	stained	40	267	53.430787	-129.772284	18.97	9.3	1733
morice	interior	30	clear	42	9754	54.112311	-127.430449	83	1481.5	277047
morrison	interior	31	stained	41	1460	55.172158	-126.312417	108	288.6	53960
motase	interior	32	glacial	15	1403	56.048477	-127.035031	14.21	36.5	6822
namu	low.coastal	33	stained	27	317	51.856633	-127.860696	42.9	24.9	4654
owikeno	coast.fjord	34	glacial	57	9450	51.677866	-127.180673	95.5	1651.5	308836
price	low.coastal	35	stained	31	93	52.460302	-128.729979	46.1	7.8	1467
slamgeesh	interior	36	clear	13	76	56.403836	-127.93021	68.82	9.6	1789
stephens	interior	37	clear	41	187	55.764677	-128.561469	148.85	50.9	9525
sustut	low.coastal	38	stained	7	250	56.587568	-126.472116	75.69	34.6	6575
swan	interior	39	clear	21	1777	55.778935	-128.622182	95.12	309.3	57843
tankeeah	low.coastal	40	stained	36	280	52.308421	-128.260033	37.93	19.4	3634
asitika	interior	41	clear	4	43	56.544348	-126.366773	74.26	5.84	1093
awun	low.coastal	42	stained	44	486	53.636127	-132.53332	90.83	80.78	15106
borrowman	low.coastal	43	stained	21	22	52.750651	-129.209247	56.18	2.26	423
bowser	interior	44	glacial	17	3591	56.376912	-129.373418	4.9	32.2	6021
damdochax	interior	45	clear	23	148	56.512071	-128.11679	99	26.81	5014
end_hill	low.coastal	46	stained	21	219	53.58888	-130.363444	15	6.01	1124
fairfax	low.coastal	47	stained	22	40	52.713796	-131.979575	52.7	3.86	721
freeda_lakes	coast.fjord	48	stained	15	286	53.670471	-129.713001	68.37	35.78	6692
hauyat	low.coastal	49	stained	25	252	52.039494	-128.077645	56.89	26.24	4906
kadjusdis	low.coastal	50	stained	32	89	52.144454	-128.037127	43.1	7.02	1313
kainet	coast.fjord	51	clear	35	60	52.77332	-127.871644	107.89	11.85	2215
kdelmashan	low.coastal	52	stained	19	45	52.57299	-129.049809	33.11	2.73	510
keswar	low.coastal	53	stained	10	92	53.656092	-130.316899	45.69	7.69	1438
kimsquit	coast.fjord	54	clear	22	167	53.116103	-127.376096	121.8	37.22	6961
kisameet	low.coastal	55	stained	7	134	51.963715	-127.872983	51.86	12.72	2378
kwakwa	low.coastal	56	stained	33	147	52.549228	-128.621529	42.8	11.51	2153
marian_eden	low.coastal	57	stained	36	765	53.890764	-132.69487	90.4	126.56	23666
mary_cove	low.coastal	58	stained	18	32	52.622922	-128.432727	42.05	2.46	460
mathers	low.coastal	59	stained	10	180	52.992791	-131.851534	62.13	20.47	3827
mcloughlin	low.coastal	60	stained	30	23	52.138745	-128.155055	44.07	1.85	347
mercer	low.coastal	61	stained	29	114	53.57208	-132.88999	63.44	13.23	2475
port_john	low.coastal	62	stained	13	95	52.140097	-127.816286	65.44	11.38	2127
prudhomme	low.coastal	63	stained	51	202	54.237918	-130.148406	63.83	23.60	4412
shawaltan	low.coastal	64	stained	41	156	54.32372	-130.25357	72.18	20.61	3853
sheneeza	low.coastal	65	stained	17	44	53.538971	-129.870329	51.95	4.18	782
skidegate	low.coastal	66	stained	51	715	53.107304	-131.86836	75.85	99.25	18559
tuno_east	low.coastal	67	stained	17	37	52.28662	-128.31858	39.9	2.70	505
tuno_west	low.coastal	68	stained	12	43	52.299665	-128.355229	41.5	3.27	611
yakoun	low.coastal	69	stained	45	836	53.340784	-132.255152	83.21	127.30	23805
yeo	low.coastal	70	stained	23	84.5	52.325828	-128.123696	72.01	11.14	2082
